71 113 113
1 10
5
1
2
沙河网球场 577 195 1
沙河西门 493 226 1
沙河排球场 605 195 1
沙河篮球场 620 150 1
沙河田径场 585 150 1
国脉西路与鸿雁路路口 650 225 0
沙河体育场入口 639 150 1
鸿雁路路口2 730 227 0
雁北男生宿舍门 720 185 1
雁北女生宿舍门 717 141 1
雁南S1门 717 261 1
雁南S2门 717 274 1
雁南S3门 717 304 1
雁南S4门 717 330 1
沙河学生食堂 745 185 1
沙河教工食堂 750 143 1
沙河学活 787 185 1
沙河综合办公楼 790 142 1
国脉路与鸿雁路路口 822 227 0
沙河图书馆 900 171 1
沙河教学楼N 900 250 1
沙河教学楼S 900 283 1
沙河报告厅 890 265 1
本部主干道路口1 144 92 0
本部学活 157 60 1
经管楼 166 39 1
澡堂门 207 88 1
学六公寓 222 36 1
东辅路路口1 255 91 0
科研大楼 273 92 1
本部主干道路口2 142 134 0
本部教工餐厅 232 129 1
本部学生食堂 272 141 1
本部保卫处 337 140 1
本部主干道路口3 142 206 0
本部图书馆 223 170 1
本部行政楼 204 210 1
东辅路路口2 254 207 0
本部篮球场 277 198 1
本部网球场与排球场 303 198 1
学29公寓 340 198 1
本部公寓区 90 203 1
本部邮局 24 205 1
学13公寓 24 140 1
本部青年公寓 24 80 1
本部西门 10 311 1
教四楼 82 243 1
教三楼 82 373 1
教二楼 198 376 1
教一楼 199 255 1
主楼 207 308 1
科学会堂 279 307 1
可信网络通信协同创新中心 275 376 1
本部体育场 331 357 1
本部体育馆 330 240 1
本部主干道路口4 142 275 0
本部主干道路口5 142 345 0
本部主干道路口6 142 408 0
东辅路路口3 255 275 0
东辅路路口4 255 345 0
东辅路路口5 248 408 0
西辅路路口1 32 206 0
西辅路路口2 32 275 0
西辅路路口3 32 311 0
西辅路路口4 32 345 0
西辅路路口5 32 408 0
东二路路口1 302 206 0
东二路路口2 302 275 0
东二路路口3 302 345 0
东二路路口4 302 408 0
本部校医院 84 408 1
1 5 10 5 1
5 6 10 5 1
6 3 5 5 1
3 4 10 5 1
3 2 5 5 1
2 0 5 5 1
0 4 5 5 1
7 10 5 5 1
7 5 3 5 1
10 11 5 5 1
11 12 5 5 1
12 13 5 5 1
7 8 5 5 1
8 9 5 5 1
8 14 5 5 1
9 15 5 5 1
14 15 5 5 1
14 16 5 5 1
15 17 5 5 1
16 17 5 5 1
16 18 5 5 1
7 18 7 5 1
16 19 7 5 1
17 19 8 5 1
18 19 6 5 1
18 20 7 5 1
20 22 3 5 1
22 21 3 5 1
23 24 5 5 1
24 25 3 5 1
23 26 7 5 1
26 27 6 5 1
26 28 6 5 1
28 29 3 5 1
30 31 7 5 1
31 32 5 5 1
28 32 7 5 1
32 33 8 5 1
34 36 8 5 1
36 35 4 5 1
31 35 8 5 1
36 38 7 5 1
38 39 5 5 1
40 39 7 5 1
33 40 7 5 1
32 38 5 5 1
34 41 7 5 1
42 41 5 5 1
42 43 6 5 1
43 44 6 5 1
42 45 10 5 1
42 46 7 5 1
41 46 6 5 1
46 45 8 5 1
61 41 5 5 1
61 42 3 5 1
61 43 7 5 1
61 44 13 5 1
61 46 4 5 1
61 62 7 5 1
61 34 11 5 1
62 46 5 5 1
62 42 4 5 1
62 63 4 5 1
62 55 11 5 1
63 64 3 5 1
64 65 6 5 1
64 56 11 5 1
64 47 5 5 1
65 70 5 5 1
65 57 11 5 1
65 47 3 5 1
55 46 6 5 1
55 50 6 5 1
55 34 7 5 1
55 49 5 5 1
55 56 7 5 1
55 58 11 5 1
56 50 6 5 1
56 47 3 5 1
56 48 3 5 1
56 57 6 5 1
56 59 11 5 1
57 47 3 5 1
57 48 3 5 1
57 70 6 5 1
57 60 10 5 1
58 49 5 5 1
58 50 5 5 1
58 51 3 5 1
58 59 7 5 1
58 67 5 5 1
59 50 5 5 1
59 51 3 5 1
59 60 6 5 1
59 68 5 5 1
59 48 6 5 1
60 48 3 5 1
60 52 3 5 1
60 69 5 5 1
66 37 5 5 1
66 39 1 5 1
66 54 3 5 1
66 67 7 5 1
66 40 4 5 1
67 54 3 5 1
67 51 2 5 1
67 68 7 5 1
67 53 5 5 1
68 53 2 5 1
68 69 6 5 1
69 52 2 5 1
1 45 5 5 0
1 5 50 5 1
5 6 10 5 1
6 3 5 5 1
3 4 10 5 1
3 2 5 5 1
2 0 5 5 1
0 4 5 5 1
7 10 5 5 1
7 5 3 5 1
10 11 5 5 1
11 12 5 5 1
12 13 5 5 1
7 8 5 5 1
8 9 5 5 1
8 14 5 5 1
9 15 5 5 1
14 15 5 5 1
14 16 5 5 1
15 17 5 5 1
16 17 5 5 1
16 18 5 5 1
7 18 7 5 1
16 19 7 5 1
17 19 8 5 1
18 19 6 5 1
18 20 7 5 1
20 22 3 5 1
22 21 3 5 1
23 24 5 5 1
24 25 3 5 1
23 26 7 5 1
26 27 6 5 1
26 28 6 5 1
28 29 3 5 1
30 31 7 5 1
31 32 5 5 1
28 32 7 5 1
32 33 8 5 1
34 36 8 5 1
36 35 4 5 1
31 35 8 5 1
36 38 7 5 1
38 39 5 5 1
40 39 7 5 1
33 40 7 5 1
32 38 5 5 1
34 41 7 5 1
42 41 5 5 1
42 43 6 5 1
43 44 6 5 1
42 45 10 5 1
42 46 7 5 1
41 46 6 5 1
46 45 8 5 1
61 41 5 5 1
61 42 3 5 1
61 43 7 5 1
61 44 13 5 1
61 46 4 5 1
61 62 7 5 1
61 34 11 5 1
62 46 5 5 1
62 42 4 5 1
62 63 4 5 1
62 55 11 5 1
63 64 3 5 1
64 65 6 5 1
64 56 11 5 1
64 47 5 5 1
65 70 5 5 1
65 57 11 5 1
65 47 3 5 1
55 46 6 5 1
55 50 6 5 1
55 34 7 5 1
55 49 5 5 1
55 56 7 5 1
55 58 11 5 1
56 50 6 5 1
56 47 3 5 1
56 48 3 5 1
56 57 6 5 1
56 59 11 5 1
57 47 3 5 1
57 48 3 5 1
57 70 6 5 1
57 60 10 5 1
58 49 5 5 1
58 50 5 5 1
58 51 3 5 1
58 59 7 5 1
58 67 5 5 1
59 50 5 5 1
59 51 3 5 1
59 60 6 5 1
59 68 5 5 1
59 48 6 5 1
60 48 3 5 1
60 52 3 5 1
60 69 5 5 1
66 37 5 5 1
66 39 1 5 1
66 54 3 5 1
66 67 7 5 1
66 40 4 5 1
67 54 3 5 1
67 51 2 5 1
67 68 7 5 1
67 53 5 5 1
68 53 2 5 1
68 69 6 5 1
69 52 2 5 1
1 45 5 5 0
食堂 4 15 50 14 50 31 50 32 50
10 雁南园
8 雁北园
